[[["Normal"],[108.71160888671875,7.478532791137695,242.14727783203126,0,0,1,1,0,0,0,1,0],[0.9075000286102295,0.8167500495910645,0.8167500495910645],[0.7058823704719544,0.8235294222831726,0.8941176533699036],["Plastic",0,0,"","Smooth","Smooth","Smooth","Smooth","Smooth","Smooth"]],[["Seat"],[130.6705322265625,11.862695693969727,220.9078369140625,-1,0,0,0,1,0,0,0,-1],[2.2785000801086427,1,2],[1,0,0],["Fabric",0,0,"","Smooth","Smooth","Smooth","Smooth","Smooth","Smooth"]],[["Normal"],[39.25,0.6046924591064453,309.79998779296877,1,0,0,0,1,0,0,0,1],[33,0.5,1],[0.06666667014360428,0.06666667014360428,0.06666667014360428],["Plastic",0,0,"","Smooth","Smooth","Smooth","Smooth","Smooth","Smooth"]],[["Normal"],[100.18035888671875,3.403444290161133,255.5439453125,0,-1,-0,-1,0,-0,0,0,-1],[2.350299596786499,0.33070001006126406,4.690299987792969],[1,0,0],["Fabric",0,0,"","Smooth","Smooth","Smooth","Smooth","Smooth","Smooth"]],[["Normal"],[115.83544921875,6.02653694152832,258.79998779296877,0,0,1,0,1,0,-1,0,0],[0.9075014591217041,6.352499961853027,0.18149897456169129],[0.06666667014360428,0.06666667014360428,0.06666667014360428],["Plastic",0,0,"","Smooth","Smooth","Smooth","Smooth","Smooth","Smooth"]],[["Normal"],[132.35205078125,17.09803581237793,235.38623046875,0,0,1,0,1,0,-1,0,0],[46.282501220703128,0.5445000529289246,0.18150001764297486],[0.38823530077934267,0.37254902720451357,0.3843137323856354],["Plastic",0,0,"","Smooth","Smooth","Smooth","Smooth","Smooth","Smooth"]],[["Normal"],[118.7847900390625,5.48204231262207,241.92041015625,0,0,1,0,1,0,-1,0,0],[4.809750556945801,6.624751091003418,0.09075000882148743],[0.19607843458652497,0.19607843458652497,0.19607843458652497],["Plastic",0,0,"","Smooth","Smooth","Smooth","Smooth","Smooth","Smooth"]],[["Normal"],[118.83935546875,4.32951545715332,229.29693603515626,0,0,1,-1,0,0,0,-1,0],[0.04537500441074371,0.3630000352859497,0.3630000352859497],[0.45490196347236636,0.40784314274787905,0.007843137718737126],["Plastic",0,0,"","Smooth","Smooth","Smooth","Smooth","Smooth","Smooth"]],[["Normal"],[128.5111083984375,4.261293411254883,226.40496826171876,1,0,0,0,1,0,0,0,1],[0.5,5,1.5],[0.9725490212440491,0.9725490212440491,0.9725490212440491],["Glass",0,0,"","Smooth","Smooth","Smooth","Smooth","Smooth","Smooth"]],[["Normal"],[129.7611083984375,6.511293411254883,226.40496826171876,1,0,0,0,1,0,0,0,1],[2,0.5,1.5],[0.9725490212440491,0.9725490212440491,0.9725490212440491],["Glass",0,0,"","Smooth","Smooth","Smooth","Smooth","Smooth","Smooth"]],[["Normal"],[89.5709228515625,29.467437744140626,235.3468017578125,0,0,1,0,1,0,-1,0,0],[47.929283142089847,0.36940255761146548,0.12313418090343476],[0.38823530077934267,0.37254902720451357,0.3843137323856354],["Plastic",0,0,"","Smooth","Smooth","Smooth","Smooth","Smooth","Smooth"]],[["Normal"],[92.19403076171875,13.004844665527344,239.94036865234376,0,0,1,-1,0,0,0,-1,0],[2.350299596786499,0.33070001006126406,4.690299987792969],[1,0,0],["Fabric",0,0,"","Smooth","Smooth","Smooth","Smooth","Smooth","Smooth"]],[["Normal"],[114.292724609375,6.02653694152832,258.79998779296877,0,0,1,0,1,0,-1,0,0],[0.9075014591217041,6.352499961853027,3.0855002403259279],[0.7058823704719544,0.8235294222831726,0.8941176533699036],["Plastic",0.5,0,"","Smooth","Smooth","Smooth","Smooth","Smooth","Smooth"]],[["Cylinder"],[129.4957275390625,12.454008102416993,224.71893310546876,-0.015669941902160646,0.9993223547935486,-0.033305056393146518,-0.9998303055763245,-0.015337705612182618,0.01020639855414629,0.009688659571111203,0.033459339290857318,0.999393105506897],[2.2102999687194826,0.34290000796318056,0.34290000796318056],[0.8274509906768799,0.7450980544090271,0.5882353186607361],["Wood",0,0,"","Smooth","Smooth","Smooth","Smooth","Smooth","Smooth"]],[["Normal"],[131.01318359375,10.609434127807618,225.15423583984376,0,0,1,0,1,0,-1,0,0],[0.09075000882148743,0.09075000882148743,0.9075000286102295],[0.8039215803146362,0.8039215803146362,0.8039215803146362],["Plastic",0,0,"","Smooth","Smooth","Smooth","Smooth","Smooth","Smooth"]],[["Normal"],[94.64691162109375,4.63456916809082,211.95474243164063,1,0,0,0,1,0,0,0,1],[0.18150001764297486,5.898750305175781,0.3630000352859497],[0.7921568751335144,0.7960784435272217,0.8196078538894653],["Plastic",0,0,"","Smooth","Smooth","Smooth","Smooth","Smooth","Smooth"]],[["Normal"],[72.61578369140625,3.000326156616211,221.45513916015626,0,1,0,0,0,1,1,0,0],[0.7282880544662476,0.7282880544662476,2.184864044189453],[0.7686274647712708,0.1568627506494522,0.10980392247438431],["Plastic",0,0,"","Smooth","Smooth","Smooth","Smooth","Smooth","Smooth"]],[["Normal"],[112.34161376953125,4.211549758911133,241.28497314453126,0,0,-1,0,1,0,1,0,0],[3.448500156402588,0.18150001764297486,0.09075000882148743],[0.7921568751335144,0.7960784435272217,0.8196078538894653],["Plastic",0,0,"","Smooth","Smooth","Smooth","Smooth","Smooth","Smooth"]],[["Normal"],[106.1231689453125,1.6705455780029297,258.80975341796877,0,0,1,0,1,0,-1,0,0],[0.9292080402374268,0.18150000274181367,6.032894611358643],[0.7921568751335144,0.7960784435272217,0.8196078538894653],["Plastic",0,0,"","Smooth","Smooth","Smooth","Smooth","Smooth","Smooth"]],[["Normal"],[118.648681640625,4.892160415649414,241.46661376953126,0,-1,-0,-1,0,-0,0,0,-1],[1.4520001411437989,0.18150001764297486,0.45375001430511477],[0.7921568751335144,0.7960784435272217,0.8196078538894653],["Plastic",0,0,"","Smooth","Smooth","Smooth","Smooth","Smooth","Smooth"]],[["Normal"],[132.35205078125,14.194028854370118,235.38623046875,0,0,1,0,1,0,-1,0,0],[46.282501220703128,0.5445000529289246,0.18150001764297486],[0.38823530077934267,0.37254902720451357,0.3843137323856354],["Plastic",0,0,"","Smooth","Smooth","Smooth","Smooth","Smooth","Smooth"]],[["Normal"],[76.330078125,17.566083908081056,230.9227294921875,0,-1,0,1,0,0,0,0,1],[2.184864044189453,0.2913152277469635,8.01116943359375],[0.38823530077934267,0.37254902720451357,0.3843137323856354],["Plastic",0,0,"","Smooth","Smooth","Smooth","Smooth","Smooth","Smooth"]],[["Normal"],[75.041015625,29.467437744140626,211.4473876953125,0,0,1,0,1,0,-1,0,0],[0.12313322722911835,0.36940255761146548,28.93653106689453],[0.38823530077934267,0.37254902720451357,0.3843137323856354],["Plastic",0,0,"","Smooth","Smooth","Smooth","Smooth","Smooth","Smooth"]],[["Normal"],[89.42724609375,4.302297592163086,211.972900390625,0,0,1,0,1,0,-1,0,0],[0.9075018167495728,0.3630003333091736,0.3630000054836273],[0.38823530077934267,0.37254902720451357,0.3843137323856354],["Plastic",0,0,"","Smooth","Smooth","Smooth","Smooth","Smooth","Smooth"]],[["Normal"],[70.890380859375,5.913476943969727,225.82470703125,0,0,-1,-1,0,0,0,1,0],[0.7282880544662476,0.7282880544662476,10.005380630493164],[0.7686274647712708,0.1568627506494522,0.10980392247438431],["Plastic",0,0,"","Smooth","Smooth","Smooth","Smooth","Smooth","Smooth"]],[["Cylinder"],[78.27490234375,2.853445053100586,256.54315185546877,0,0,-1,1,0,0,0,-1,0],[2.342899799346924,2.670300006866455,2.670300006866455],[1,1,0],["Plastic",0,0,"","Smooth","Smooth","Smooth","Smooth","Smooth","Smooth"]],[["Normal"],[89.1549072265625,10.110273361206055,253.35504150390626,0,0,1,0,1,0,-1,0,0],[9.982501983642579,1.4520001411437989,0.9075000286102295],[0.9725490212440491,0.9725490212440491,0.9725490212440491],["Plastic",0,0,"","Smooth","Smooth","Smooth","Smooth","Smooth","Smooth"]],[["Normal"],[138.75,0.8796939849853516,296.79998779296877,1,0,0,0,1,0,0,0,1],[4,0.050000011920928958,7],[0.9725490212440491,0.9725490212440491,0.9725490212440491],["Plastic",0,0,"","Smooth","Smooth","Smooth","Smooth","Smooth","Smooth"]],[["Cylinder"],[73.9932861328125,2.853445053100586,256.54315185546877,0,0,-1,1,0,0,0,-1,0],[2.342899799346924,2.670300006866455,2.670300006866455],[1,1,0],["Plastic",0,0,"","Smooth","Smooth","Smooth","Smooth","Smooth","Smooth"]],[["Normal"],[109.845947265625,4.302297592163086,241.82952880859376,0,-1,0,1,0,0,0,0,1],[0.18150001764297486,0.5445000529289246,0.5445000529289246],[0.7921568751335144,0.7960784435272217,0.8196078538894653],["Plastic",0,0,"","Smooth","Smooth","Smooth","Smooth","Smooth","Smooth"]],[["Normal"],[101.21673583984375,4.399003982543945,241.5672607421875,0,0,1,0,1,0,-1,0,0],[0.4671003520488739,0.16521534323692323,0.4809400141239166],[0.5333333611488342,0.24313725531101228,0.24313725531101228],["Plastic",0,0,"","Smooth","Smooth","Smooth","Smooth","Smooth","Smooth"]],[["Cylinder"],[129.47845458984376,13.455144882202149,224.72955322265626,-0.015669941902160646,0.9993223547935486,-0.033305056393146518,-0.9998303055763245,-0.015337705612182618,0.01020639855414629,0.009688659571111203,0.033459339290857318,0.999393105506897],[0.28279995918273928,5.309499740600586,5.309499740600586],[0.8274509906768799,0.7450980544090271,0.5882353186607361],["Wood",0,0,"","Smooth","Smooth","Smooth","Smooth","Smooth","Smooth"]],[["Normal"],[113.2218017578125,13.004844665527344,242.73394775390626,-0.000012636184692382813,0.9659388661384583,-0.2587701976299286,-0.9999999403953552,-0.000012636184692382813,0.0000016689300537109376,-0.0000016689300537109376,0.2587701976299286,0.965938925743103],[2.350299596786499,0.33070001006126406,4.690299987792969],[1,0,0],["Fabric",0,0,"","Smooth","Smooth","Smooth","Smooth","Smooth","Smooth"]],[["Seat"],[118.26239013671875,11.862695693969727,214.29669189453126,0,0,-1,0,1,0,1,0,0],[2.2785000801086427,1,2],[1,0,0],["Fabric",0,0,"","Smooth","Smooth","Smooth","Smooth","Smooth","Smooth"]],[["Normal"],[94.8184814453125,9.375570297241211,218.746826171875,0,0,1,0,1,0,-1,0,0],[0.9507626295089722,2.8636186122894289,6.001688003540039],[0.9725490212440491,0.9725490212440491,0.9725490212440491],["Plastic",0,0,"","Smooth","Smooth","Smooth","Smooth","Smooth","Smooth"]],[["Normal"],[109.24456787109375,4.801424026489258,214.76629638671876,0,0,1,0,1,0,-1,0,0],[0.09075000882148743,0.18150001764297486,0.18150001764297486],[0.19607843458652497,0.19607843458652497,0.19607843458652497],["Plastic",0,0,"","Smooth","Smooth","Smooth","Smooth","Smooth","Smooth"]],[["Normal"],[112.2054443359375,6.20805549621582,244.27996826171876,0,0,1,1,0,0,0,1,0],[0.18150001764297486,0.5445000529289246,0.5445000529289246],[0.7921568751335144,0.7960784435272217,0.8196078538894653],["Plastic",0,0,"","Smooth","Smooth","Smooth","Smooth","Smooth","Smooth"]],[["Normal"],[62.783935546875,2.636190414428711,237.841552734375,0,0,1,-1,0,0,0,-1,0],[1.4565761089324952,1.4565761089324952,1.4565761089324952],[0.6392157077789307,0.6352941393852234,0.6470588445663452],["Plastic",0,0,"","Smooth","Smooth","Smooth","Smooth","Smooth","Smooth"]],[["Cylinder"],[104.99517822265625,12.454008102416993,228.3502197265625,-0.009853601455688477,-0.03346514701843262,-0.9993915557861328,-0.999829888343811,-0.015266776084899903,0.010368943214416504,-0.015604287385940552,0.9993234872817993,-0.033309221267700198],[2.2102999687194826,0.34290000796318056,0.34290000796318056],[0.8274509906768799,0.7450980544090271,0.5882353186607361],["Wood",0,0,"","Smooth","Smooth","Smooth","Smooth","Smooth","Smooth"]],[["Seat"],[131.09185791015626,2.261293411254883,256.5079345703125,1,0,0,0,1,0,0,0,1],[2.2785000801086427,1,2],[1,0,0],["Fabric",0,0,"","Smooth","Smooth","Smooth","Smooth","Smooth","Smooth"]],[["Normal"],[110.9625244140625,10.745542526245118,249.27398681640626,0,0,1,0,1,0,-1,0,0],[18.14400291442871,0.18150001764297486,42.70770263671875],[0.7921568751335144,0.7960784435272217,0.8196078538894653],["Plastic",0,0,"","Smooth","Smooth","Smooth","Smooth","Smooth","Smooth"]],[["Normal"],[123.0272216796875,10.609434127807618,244.62030029296876,0,0,1,0,1,0,-1,0,0],[1.0890002250671387,0.09075000882148743,0.09074998646974564],[0.8039215803146362,0.8039215803146362,0.8039215803146362],["Plastic",0,0,"","Smooth","Smooth","Smooth","Smooth","Smooth","Smooth"]],[["Normal"],[75.3201904296875,20.63984489440918,226.93780517578126,0,0,1,0,1,0,-1,0,0],[1.0890002250671387,0.09075000882148743,0.09074998646974564],[0.8039215803146362,0.8039215803146362,0.8039215803146362],["Plastic",0,0,"","Smooth","Smooth","Smooth","Smooth","Smooth","Smooth"]],[["Normal"],[101.2164306640625,6.047334671020508,211.60333251953126,0,0,1,0,1,0,-1,0,0],[0.20255617797374726,3.9930002689361574,0.1994403451681137],[0.10588235408067703,0.16470588743686677,0.2078431397676468],["Plastic",0,0,"","Smooth","Smooth","Smooth","Smooth","Smooth","Smooth"]],[["Normal"],[100.74072265625,5.319665908813477,243.94989013671876,0.01634162664413452,-0.15353265404701234,0.9880083799362183,0.1703789234161377,0.9741160869598389,0.14855577051639558,-0.9852430820465088,0.16590817272663117,0.04207736253738403],[0.09075000137090683,0.09075000137090683,0.09075000137090683],[0.33725491166114809,0.25882354378700259,0.21176470816135407],["Plastic",0,0,"","Smooth","Smooth","Smooth","Smooth","Smooth","Smooth"]],[["Normal"],[110.9349365234375,20.018049240112306,212.3358154296875,0,0,1,0,1,0,-1,0,0],[0.18149861693382264,0.5445000529289246,42.652503967285159],[0.38823530077934267,0.37254902720451357,0.3843137323856354],["Plastic",0,0,"","Smooth","Smooth","Smooth","Smooth","Smooth","Smooth"]],[["Normal"],[110.9349365234375,12.742025375366211,258.43707275390627,0,0,1,0,1,0,-1,0,0],[0.18149861693382264,0.5445000529289246,42.652503967285159],[0.38823530077934267,0.37254902720451357,0.3843137323856354],["Plastic",0,0,"","Smooth","Smooth","Smooth","Smooth","Smooth","Smooth"]],[["Normal"],[107.78912353515625,5.709535598754883,235.93084716796876,-0.000014543533325195313,0.7070599794387817,0.7071537971496582,0.000005930662155151367,0.7071536779403687,-0.7070599794387817,-1.0000001192092896,-0.000005930662155151367,-0.000014543533325195313],[0.18150001764297486,0.33640244603157046,0.09075000882148743],[0.19607843458652497,0.19607843458652497,0.19607843458652497],["Plastic",0,0,"","Smooth","Smooth","Smooth","Smooth","Smooth","Smooth"]],[["Normal"],[100.1051025390625,6.047334671020508,211.60333251953126,0,0,1,0,1,0,-1,0,0],[0.20255617797374726,3.9930002689361574,0.18150000274181367],[0.10588235408067703,0.16470588743686677,0.2078431397676468],["Plastic",0,0,"","Smooth","Smooth","Smooth","Smooth","Smooth","Smooth"]],[["Normal"],[101.134033203125,4.211538314819336,229.99176025390626,0,0,1,0,1,0,-1,0,0],[21.861034393310548,0.18149983882904054,2.7225003242492677],[0.9725490212440491,0.9725490212440491,0.9725490212440491],["Plastic",0,0,"","Smooth","Smooth","Smooth","Smooth","Smooth","Smooth"]],[["Normal"],[92.19403076171875,13.004844665527344,228.78253173828126,0,0,1,-1,0,0,0,-1,0],[2.350299596786499,0.33070001006126406,4.690299987792969],[1,0,0],["Fabric",0,0,"","Smooth","Smooth","Smooth","Smooth","Smooth","Smooth"]],[["Normal"],[119.034423828125,4.846799850463867,238.38128662109376,0,0,1,0,1,0,-1,0,0],[0.7260000705718994,0.7260000705718994,0.04537500441074371],[0.7921568751335144,0.7960784435272217,0.8196078538894653],["Plastic",0,0,"","Smooth","Smooth","Smooth","Smooth","Smooth","Smooth"]],[["Cylinder"],[129.47955322265626,11.420434951782227,224.72894287109376,-0.015669941902160646,0.9993223547935486,-0.033305056393146518,-0.9998303055763245,-0.015337705612182618,0.01020639855414629,0.009688659571111203,0.033459339290857318,0.999393105506897],[0.142799973487854,1.0436999797821046,1.0436999797821046],[0.8274509906768799,0.7450980544090271,0.5882353186607361],["Wood",0,0,"","Smooth","Smooth","Smooth","Smooth","Smooth","Smooth"]],[["Normal"],[110.9349365234375,15.646032333374024,212.3358154296875,0,0,1,0,1,0,-1,0,0],[0.18149861693382264,0.5445000529289246,42.652503967285159],[0.38823530077934267,0.37254902720451357,0.3843137323856354],["Plastic",0,0,"","Smooth","Smooth","Smooth","Smooth","Smooth","Smooth"]],[["Normal"],[118.44451904296875,3.667043685913086,237.11083984375,0,0,1,0,1,0,-1,0,0],[0.8167499899864197,0.5445000529289246,0.04537500441074371],[0.19607843458652497,0.19607843458652497,0.19607843458652497],["Plastic",0,0,"","Smooth","Smooth","Smooth","Smooth","Smooth","Smooth"]],[["Normal"],[158.75,0.8796939849853516,263.29998779296877,1,0,0,0,1,0,0,0,1],[22,0.050000011920928958,1],[0.9725490212440491,0.9725490212440491,0.9725490212440491],["Plastic",0,0,"","Smooth","Smooth","Smooth","Smooth","Smooth","Smooth"]],[["Normal"],[113.54376220703125,10.609434127807618,225.15423583984376,0,0,1,0,1,0,-1,0,0],[0.09075000882148743,0.09075000882148743,0.9075000286102295],[0.8039215803146362,0.8039215803146362,0.8039215803146362],["Plastic",0,0,"","Smooth","Smooth","Smooth","Smooth","Smooth","Smooth"]],[["Normal"],[101.33197021484375,5.433656692504883,243.23028564453126,0.000014722347259521485,0.10448088496923447,0.9945268630981445,0.016623996198177339,0.9943894147872925,-0.10446669161319733,-0.9998618364334106,0.01653454825282097,-0.0017222166061401368],[0.09075000137090683,0.09075000137090683,0.09075000137090683],[0.33725491166114809,0.25882354378700259,0.21176470816135407],["Plastic",0,0,"","Smooth","Smooth","Smooth","Smooth","Smooth","Smooth"]],[["Normal"],[97.55084228515625,4.63456916809082,211.95474243164063,1,0,0,0,1,0,0,0,1],[0.18150001764297486,5.898750305175781,0.3630000352859497],[0.7921568751335144,0.7960784435272217,0.8196078538894653],["Plastic",0,0,"","Smooth","Smooth","Smooth","Smooth","Smooth","Smooth"]],[["Normal"],[129.7611083984375,7.261293411254883,226.40496826171876,1,0,0,0,1,0,0,0,1],[0.5,1,0.5],[0.6392157077789307,0.6352941393852234,0.6470588445663452],["Metal",0,0,"","Smooth","Smooth","Smooth","Smooth","Smooth","Smooth"]],[["Normal"],[109.87774658203125,13.004844665527344,243.32965087890626,0.000012755393981933594,-0.9659388661384583,-0.2587701976299286,-0.9999999403953552,-0.000012636184692382813,-0.0000016689300537109376,-0.0000016689300537109376,0.2587701976299286,-0.9659388065338135],[2.350299596786499,0.33070001006126406,4.690299987792969],[0.4941176474094391,0.40784314274787905,0.24705882370471955],["WoodPlanks",0,0,"","Smooth","Smooth","Smooth","Smooth","Smooth","Smooth"]],[["Normal"],[119.64691162109375,3.304037094116211,237.11083984375,0,0,1,0,1,0,-1,0,0],[3.6299996376037599,0.5444997549057007,1.996500015258789],[0.886274516582489,0.6078431606292725,0.250980406999588],["Plastic",0,0,"","Smooth","Smooth","Smooth","Smooth","Smooth","Smooth"]],[["Normal"],[107.44110107421875,4.438417434692383,242.78271484375,0,0,1,0,1,0,-1,0,0],[0.09074991941452027,0.2722500264644623,0.8167500495910645],[0.06666667014360428,0.06666667014360428,0.06666667014360428],["Plastic",0,0,"","Smooth","Smooth","Smooth","Smooth","Smooth","Smooth"]],[["Seat"],[91.08154296875,11.862695693969727,238.79449462890626,1,0,0,0,1,0,0,0,1],[2.2785000801086427,1,2],[1,0,0],["Fabric",0,0,"","Smooth","Smooth","Smooth","Smooth","Smooth","Smooth"]],[["Normal"],[101.033203125,4.399282455444336,244.0318603515625,0.7446922659873962,0,0.6674080491065979,0,1,0,-0.6674080491065979,0,0.7446922659873962],[0.7715397477149963,0.284723699092865,0.2854948043823242],[0.886274516582489,0.6078431606292725,0.250980406999588],["Plastic",0,0,"","Smooth","Smooth","Smooth","Smooth","Smooth","Smooth"]],[["Normal"],[17.317718505859376,21.469099044799806,315.83001708984377,0.2597246766090393,0.07551880925893784,0.9627253413200378,-0.000056721270084381106,0.9969387054443359,-0.07818730175495148,-0.9656828045845032,0.020252564921975137,0.2589338421821594],[0.47412434220314028,2.104649543762207,5.492904186248779],[0.4117647111415863,0.250980406999588,0.1568627506494522],["Plastic",0,0,"","Smooth","Smooth","Smooth","Smooth","Smooth","Smooth"]],[["Normal"],[62.78387451171875,2.636190414428711,220.36285400390626,1,0,0,0,1,0,0,0,1],[1.4565761089324952,1.4565761089324952,1.4565761089324952],[0.9607843160629273,0.8039215803146362,0.1882352977991104],["Plastic",0,0,"","Smooth","Smooth","Smooth","Smooth","Smooth","Smooth"]],[["Normal"],[124.0111083984375,3.261293411254883,229.90496826171876,1,0,0,0,1,0,0,0,1],[1.5,2,0.5],[0.9725490212440491,0.9725490212440491,0.9725490212440491],["Glass",0,0,"","Smooth","Smooth","Smooth","Smooth","Smooth","Smooth"]],[["Normal"],[101.03582763671875,5.460542678833008,243.48553466796876,0.000014722347259521485,0.10448088496923447,0.9945268630981445,0.016623996198177339,0.9943894147872925,-0.10446669161319733,-0.9998618364334106,0.01653454825282097,-0.0017222166061401368],[0.09075000137090683,0.09075000137090683,0.09075000137090683],[0.33725491166114809,0.25882354378700259,0.21176470816135407],["Plastic",0,0,"","Smooth","Smooth","Smooth","Smooth","Smooth","Smooth"]],[["Normal"],[118.648681640625,6.639101028442383,242.3741455078125,0,0,1,0,1,0,-1,0,0],[0.45375001430511477,2.041874408721924,0.18149983882904054],[0.7921568751335144,0.7960784435272217,0.8196078538894653],["Plastic",0,0,"","Smooth","Smooth","Smooth","Smooth","Smooth","Smooth"]],[["Seat"],[107.2784423828125,11.862695693969727,216.5509033203125,0,0,-1,0,1,0,1,0,0],[2.2785000801086427,1,2],[1,0,0],["Fabric",0,0,"","Smooth","Smooth","Smooth","Smooth","Smooth","Smooth"]],[["Normal"],[107.8040771484375,7.614656448364258,242.14727783203126,0,0,1,1,0,0,0,1,0],[0.09075000882148743,0.8167500495910645,0.8167500495910645],[0.06666667014360428,0.06666667014360428,0.06666667014360428],["Plastic",0,0,"","Smooth","Smooth","Smooth","Smooth","Smooth","Smooth"]],[["Normal"],[107.7586669921875,6.843294143676758,237.20123291015626,0,0,1,0,1,0,-1,0,0],[0.544499933719635,0.544499933719635,0.5444999933242798],[0.19607843458652497,0.19607843458652497,0.19607843458652497],["Plastic",0,0,"","Smooth","Smooth","Smooth","Smooth","Smooth","Smooth"]],[["Normal"],[158.75,0.8796939849853516,278.29998779296877,1,0,0,0,1,0,0,0,1],[22,0.050000011920928958,1],[0.9725490212440491,0.9725490212440491,0.9725490212440491],["Plastic",0,0,"","Smooth","Smooth","Smooth","Smooth","Smooth","Smooth"]],[["Normal"],[115.83544921875,2.124307632446289,212.58172607421876,0,0,1,0,1,0,-1,0,0],[0.18150001764297486,0.7259998321533203,0.18149983882904054],[0.7921568751335144,0.7960784435272217,0.8196078538894653],["Plastic",0,0,"","Smooth","Smooth","Smooth","Smooth","Smooth","Smooth"]],[["Seat"],[102.2210693359375,11.862695693969727,241.95587158203126,-0.2588644027709961,0,-0.965913712978363,0,1,0,0.965913712978363,0,-0.2588644027709961],[2.2785000801086427,1,2],[1,0,0],["Fabric",0,0,"","Smooth","Smooth","Smooth","Smooth","Smooth","Smooth"]],[["Normal"],[92.19403076171875,11.362695693969727,249.90374755859376,0,0,1,0,1,0,-1,0,0],[2.828599691390991,1,4.690299987792969],[0.4941176474094391,0.40784314274787905,0.24705882370471955],["WoodPlanks",0,0,"","Smooth","Smooth","Smooth","Smooth","Smooth","Smooth"]],[["Normal"],[115.09918212890625,11.362695693969727,215.40924072265626,-1,0,0,0,1,0,0,0,-1],[2.828599691390991,1,4.690299987792969],[0.4941176474094391,0.40784314274787905,0.24705882370471955],["WoodPlanks",0,0,"","Smooth","Smooth","Smooth","Smooth","Smooth","Smooth"]],[["Normal"],[76.2572021484375,11.302816390991211,230.9227294921875,0,0,1,-1,0,0,0,-1,0],[0.7282880544662476,8.01116943359375,0.7282880544662476],[0.10588235408067703,0.16470588743686677,0.2078431397676468],["Plastic",0,0,"","Smooth","Smooth","Smooth","Smooth","Smooth","Smooth"]],[["Normal"],[132.460693359375,6.047334671020508,218.08349609375,1,0,0,0,1,0,0,0,1],[0.20255617797374726,3.9930002689361574,0.1994403451681137],[0.10588235408067703,0.16470588743686677,0.2078431397676468],["Plastic",0,0,"","Smooth","Smooth","Smooth","Smooth","Smooth","Smooth"]],[["Normal"],[67.59063720703125,17.201948165893556,229.10198974609376,0,-1,0,1,0,0,0,0,1],[2.9131522178649904,0.2913152277469635,4.369728088378906],[0.38823530077934267,0.37254902720451357,0.3843137323856354],["Plastic",0,0,"","Smooth","Smooth","Smooth","Smooth","Smooth","Smooth"]],[["Normal"],[107.48651123046875,5.799661636352539,241.6483154296875,0,0,1,0,1,0,-1,0,0],[1.9965001344680787,0.09074991941452027,0.5444999933242798],[0.06666667014360428,0.06666667014360428,0.06666667014360428],["Plastic",0,0,"","Smooth","Smooth","Smooth","Smooth","Smooth","Smooth"]],[["Normal"],[75.195556640625,3.141378402709961,258.68658447265627,0,0,1,0,1,0,-1,0,0],[1.1558279991149903,3.275359869003296,27.710140228271486],[0.9725490212440491,0.9725490212440491,0.9725490212440491],["Plastic",0,0,"","Smooth","Smooth","Smooth","Smooth","Smooth","Smooth"]],[["Normal"],[122.732421875,1.8520526885986329,212.801513671875,0,0,1,1,0,0,0,1,0],[0.18150001764297486,1.2704999446868897,1.2704999446868897],[0.19607843458652497,0.19607843458652497,0.19607843458652497],["Plastic",0,0,"","Smooth","Smooth","Smooth","Smooth","Smooth","Smooth"]],[["Normal"],[93.5787353515625,10.609434127807618,214.67279052734376,0,0,1,0,1,0,-1,0,0],[0.9075000286102295,0.09075000882148743,0.9075000286102295],[0.9725490212440491,0.9725490212440491,0.9725490212440491],["Plastic",0,0,"","Smooth","Smooth","Smooth","Smooth","Smooth","Smooth"]],[["Seat"],[121.108642578125,11.862695693969727,244.79345703125,-0.2588644027709961,0,0.965913712978363,0,1,0,-0.965913712978363,0,-0.2588644027709961],[2.2785000801086427,1,2],[1,0,0],["Fabric",0,0,"","Smooth","Smooth","Smooth","Smooth","Smooth","Smooth"]],[["Normal"],[120.599853515625,7.333284378051758,229.17022705078126,0,1,0,1,0,0,0,0,-1],[0.0725085437297821,0.3176249861717224,0.3176249861717224],[0.7921568751335144,0.7960784435272217,0.8196078538894653],["Plastic",0,0,"","Smooth","Smooth","Smooth","Smooth","Smooth","Smooth"]],[["Normal"],[34.75,0.8796939849853516,187.79998779296876,1,0,0,0,1,0,0,0,1],[22,0.050000011920928958,1],[0.9725490212440491,0.9725490212440491,0.9725490212440491],["Plastic",0,0,"","Smooth","Smooth","Smooth","Smooth","Smooth","Smooth"]],[["Normal"],[120.304931640625,5.300546646118164,238.13177490234376,0,0,1,0,1,0,-1,0,0],[0.045375000685453418,0.18150001764297486,0.045375000685453418],[0.6235294342041016,0.6313725709915161,0.6745098233222961],["Plastic",0,0,"","Smooth","Smooth","Smooth","Smooth","Smooth","Smooth"]],[["Normal"],[100.8956298828125,4.339529037475586,242.37774658203126,0,0,1,0,1,0,-1,0,0],[0.4671003520488739,0.16521534323692323,0.4809400141239166],[0.4117647111415863,0.250980406999588,0.1568627506494522],["Plastic",0,0,"","Smooth","Smooth","Smooth","Smooth","Smooth","Smooth"]],[["Cylinder"],[95.41436767578125,1.8190326690673829,255.6224365234375,0.009680032730102539,0.0334646999835968,0.9993929862976074,-0.9998314380645752,-0.015270233154296875,0.010195553302764893,0.0156022310256958,-0.9993231892585754,0.03331124782562256],[0.142799973487854,1.0436999797821046,1.0436999797821046],[0.8274509906768799,0.7450980544090271,0.5882353186607361],["Wood",0,0,"","Smooth","Smooth","Smooth","Smooth","Smooth","Smooth"]],[["Normal"],[89.5709228515625,26.23607635498047,235.32733154296876,0,0,1,0,1,0,-1,0,0],[47.968021392822269,0.36940255761146548,0.12313418090343476],[0.38823530077934267,0.37254902720451357,0.3843137323856354],["Plastic",0,0,"","Smooth","Smooth","Smooth","Smooth","Smooth","Smooth"]],[["Normal"],[57.25,0.6046924591064453,153.29998779296876,1,0,0,0,1,0,0,0,1],[1,0.5,16],[0.9725490212440491,0.9725490212440491,0.9725490212440491],["Plastic",0,0,"","Smooth","Smooth","Smooth","Smooth","Smooth","Smooth"]],[["Normal"],[121.189697265625,8.29527473449707,233.11749267578126,0,0,-1,0,1,0,1,0,0],[0.5445000529289246,0.5445000529289246,0.7260000705718994],[0.19607843458652497,0.19607843458652497,0.19607843458652497],["Plastic",0,0,"","Smooth","Smooth","Smooth","Smooth","Smooth","Smooth"]],[["Normal"],[139.4349365234375,9.82752799987793,235.38623046875,0,0,1,0,1,0,-1,0,0],[45.55650329589844,0.1814999282360077,13.289505004882813],[0.250980406999588,0.239215686917305,0.24705882370471955],["Plastic",0,0,"","Smooth","Smooth","Smooth","Smooth","Smooth","Smooth"]],[["Normal"],[70.7950439453125,2.636190414428711,237.841796875,-1,0,0,0,1,0,0,0,-1],[1.4565761089324952,1.4565761089324952,1.4565761089324952],[0.9607843160629273,0.8039215803146362,0.1882352977991104],["Plastic",0,0,"","Smooth","Smooth","Smooth","Smooth","Smooth","Smooth"]],[["Normal"],[90.6021728515625,6.16954231262207,211.951171875,0,0,1,0,1,0,-1,0,0],[0.9507626295089722,9.333488464355469,2.2464325428009035],[0.9725490212440491,0.9725490212440491,0.9725490212440491],["Plastic",0,0,"","Smooth","Smooth","Smooth","Smooth","Smooth","Smooth"]],[["Normal"],[100.48077392578125,13.004844665527344,225.13665771484376,-0.000012636184692382813,0.9659388661384583,-0.2587701976299286,-0.9999999403953552,-0.000012636184692382813,0.0000016689300537109376,-0.0000016689300537109376,0.2587701976299286,0.965938925743103],[2.350299596786499,0.33070001006126406,4.690299987792969],[0.4941176474094391,0.40784314274787905,0.24705882370471955],["WoodPlanks",0,0,"","Smooth","Smooth","Smooth","Smooth","Smooth","Smooth"]],[["Normal"],[89.23480224609375,1.8520526885986329,243.77972412109376,0,0,1,0,1,0,-1,0,0],[5.989500522613525,0.18150001764297486,0.9075000286102295],[0.7921568751335144,0.7960784435272217,0.8196078538894653],["Plastic",0,0,"","Smooth","Smooth","Smooth","Smooth","Smooth","Smooth"]],[["Normal"],[122.34747314453125,13.004844665527344,247.19091796875,0,-1,-0,-1,0,-0,0,0,-1],[2.350299596786499,0.33070001006126406,4.690299987792969],[1,0,0],["Fabric",0,0,"","Smooth","Smooth","Smooth","Smooth","Smooth","Smooth"]],[["Normal"],[75.3238525390625,16.24964714050293,258.99896240234377,-1,0,0,0,1,0,0,0,-1],[26.906818389892579,0.36175858974456789,0.1269506812095642],[0.06666667014360428,0.06666667014360428,0.06666667014360428],["Plastic",0,0,"","Smooth","Smooth","Smooth","Smooth","Smooth","Smooth"]],[["Normal"],[101.5489501953125,5.359315872192383,243.53955078125,0.7836902737617493,0.1515277475118637,-0.6023859977722168,-0.12017031013965607,0.9884530305862427,0.09230253100395203,0.6094166040420532,0.00005232170224189758,0.792850136756897],[0.09075000137090683,0.09075000137090683,0.09075000137090683],[0.33725491166114809,0.25882354378700259,0.21176470816135407],["Plastic",0,0,"","Smooth","Smooth","Smooth","Smooth","Smooth","Smooth"]],[["Normal"],[110.9349365234375,22.96795082092285,258.43707275390627,0,0,1,0,1,0,-1,0,0],[0.18149861693382264,0.5445000529289246,42.652503967285159],[0.38823530077934267,0.37254902720451357,0.3843137323856354],["Plastic",0,0,"","Smooth","Smooth","Smooth","Smooth","Smooth","Smooth"]],[["Normal"],[93.5787353515625,10.609434127807618,225.15423583984376,0,0,1,0,1,0,-1,0,0],[0.09075000882148743,0.09075000882148743,0.9075000286102295],[0.8039215803146362,0.8039215803146362,0.8039215803146362],["Plastic",0,0,"","Smooth","Smooth","Smooth","Smooth","Smooth","Smooth"]],[["Normal"],[103.561279296875,10.609434127807618,244.12091064453126,0,0,1,0,1,0,-1,0,0],[0.09075000882148743,0.09075000882148743,0.9075000286102295],[0.8039215803146362,0.8039215803146362,0.8039215803146362],["Plastic",0,0,"","Smooth","Smooth","Smooth","Smooth","Smooth","Smooth"]],[["Wedge"],[70.75,0.8796939849853516,179.79998779296876,0,1,0,-1,0,0,0,0,1],[0.050000011920928958,4,7],[0.9725490212440491,0.9725490212440491,0.9725490212440491],["Plastic",0,0,"","Smooth","Smooth","Smooth","Smooth","Smooth","Smooth"]],[["Normal"],[75.81927490234375,20.63984489440918,227.436767578125,0,0,1,0,1,0,-1,0,0],[0.09075000882148743,0.09075000882148743,0.9075000286102295],[0.8039215803146362,0.8039215803146362,0.8039215803146362],["Plastic",0,0,"","Smooth","Smooth","Smooth","Smooth","Smooth","Smooth"]],[["Normal"],[118.648681640625,3.145235061645508,242.3741455078125,0,0,1,0,1,0,-1,0,0],[0.45375001430511477,2.041874408721924,0.18149983882904054],[0.7921568751335144,0.7960784435272217,0.8196078538894653],["Plastic",0,0,"","Smooth","Smooth","Smooth","Smooth","Smooth","Smooth"]],[["Normal"],[65.33782958984375,20.63984489440918,246.90277099609376,0,0,1,0,1,0,-1,0,0],[1.0890002250671387,0.09075000882148743,0.09074998646974564],[0.8039215803146362,0.8039215803146362,0.8039215803146362],["Plastic",0,0,"","Smooth","Smooth","Smooth","Smooth","Smooth","Smooth"]],[["Normal"],[100.77099609375,3.426553726196289,243.0999755859375,0,0,1,1,0,0,0,1,0],[0.04537500441074371,0.5898749828338623,0.5898749828338623],[0.5607843399047852,0.2980392277240753,0.16470588743686677],["Plastic",0,0,"","Smooth","Smooth","Smooth","Smooth","Smooth","Smooth"]],[["Normal"],[85.8017578125,20.63984489440918,257.38421630859377,0,0,1,0,1,0,-1,0,0],[0.09075000882148743,0.09075000882148743,0.9075000286102295],[0.8039215803146362,0.8039215803146362,0.8039215803146362],["Plastic",0,0,"","Smooth","Smooth","Smooth","Smooth","Smooth","Smooth"]],[["Normal"],[109.66455078125,2.441923141479492,239.56085205078126,0,0,-1,0,1,0,1,0,0],[0.18150001764297486,1.3612501621246338,0.1814999282360077],[0.7921568751335144,0.7960784435272217,0.8196078538894653],["Plastic",0,0,"","Smooth","Smooth","Smooth","Smooth","Smooth","Smooth"]],[["Normal"],[107.94024658203125,5.16441535949707,243.2364501953125,0,0,1,0,1,0,-1,0,0],[0.09075000882148743,1.5427501201629639,1.0890001058578492],[0.7921568751335144,0.7960784435272217,0.8196078538894653],["Plastic",0,0,"","Smooth","Smooth","Smooth","Smooth","Smooth","Smooth"]],[["Normal"],[111.20721435546875,3.757802963256836,239.56085205078126,0,0,-1,0,1,0,1,0,0],[0.18150001764297486,0.9075000286102295,2.3595001697540285],[0.7921568751335144,0.7960784435272217,0.8196078538894653],["Plastic",0,0,"","Smooth","Smooth","Smooth","Smooth","Smooth","Smooth"]],[["Normal"],[110.0274658203125,4.438417434692383,214.84030151367188,-1,0,0,0,1,0,0,0,-1],[1.0890001058578492,0.2722500264644623,0.5445000529289246],[0.6352941393852234,0.8470588326454163,0],["Plastic",0,0,"","Smooth","Smooth","Smooth","Smooth","Smooth","Smooth"]],[["Normal"],[129.9501953125,3.403444290161133,258.0115966796875,0,0,1,-1,0,0,0,-1,0],[2.350299596786499,0.33070001006126406,4.690299987792969],[0.4941176474094391,0.40784314274787905,0.24705882370471955],["WoodPlanks",0,0,"","Smooth","Smooth","Smooth","Smooth","Smooth","Smooth"]],[["Normal"],[129.9501953125,3.403444290161133,257.65380859375,0,0,1,-1,0,0,0,-1,0],[2.350299596786499,0.33070001006126406,4.690299987792969],[1,0,0],["Fabric",0,0,"","Smooth","Smooth","Smooth","Smooth","Smooth","Smooth"]],[["Seat"],[62.8121337890625,3.4144763946533205,235.6549072265625,-1,0,0,0,1,0,0,0,-1],[1.4000000953674317,0.10000002384185791,1.399999976158142],[0.6392157077789307,0.6352941393852234,0.6470588445663452],["Plastic",1,0,"","Smooth","Smooth","Smooth","Smooth","Smooth","Smooth"]],[["Normal"],[61.0677490234375,22.072050094604493,234.6962890625,0,0,1,0,1,0,-1,0,0],[46.826629638671878,5.279345989227295,1.0249710083007813],[0.9725490212440491,0.9725490212440491,0.9725490212440491],["Plastic",0,0,"","Smooth","Smooth","Smooth","Smooth","Smooth","Smooth"]],[["Normal"],[129.5579833984375,11.362695693969727,228.7286376953125,0,0,1,0,1,0,-1,0,0],[2.828599691390991,1,4.690299987792969],[0.4941176474094391,0.40784314274787905,0.24705882370471955],["WoodPlanks",0,0,"","Smooth","Smooth","Smooth","Smooth","Smooth","Smooth"]],[["Normal"],[89.59759521484375,4.302255630493164,243.235595703125,0,0,1,1,0,0,0,1,0],[1.4520001411437989,0.18150001764297486,0.18150001764297486],[0.7921568751335144,0.7960784435272217,0.8196078538894653],["Plastic",0,0,"","Smooth","Smooth","Smooth","Smooth","Smooth","Smooth"]],[["Normal"],[104.0604248046875,10.609434127807618,214.67279052734376,0,0,1,0,1,0,-1,0,0],[1.0890002250671387,0.09075000882148743,0.09074996411800385],[0.8039215803146362,0.8039215803146362,0.8039215803146362],["Plastic",0,0,"","Smooth","Smooth","Smooth","Smooth","Smooth","Smooth"]],[["Normal"],[94.19989013671875,3.576261520385742,219.120361328125,0,-1,0,1,0,0,0,0,1],[0.18150001764297486,0.18150001764297486,0.18150001764297486],[0.7921568751335144,0.7960784435272217,0.8196078538894653],["Plastic",0,0,"","Smooth","Smooth","Smooth","Smooth","Smooth","Smooth"]],[["Normal"],[106.8988037109375,11.362695693969727,215.40924072265626,1,0,0,0,1,0,0,0,1],[2.828599691390991,1,4.690299987792969],[0.4941176474094391,0.40784314274787905,0.24705882370471955],["WoodPlanks",0,0,"","Smooth","Smooth","Smooth","Smooth","Smooth","Smooth"]],[["Normal"],[70.0667724609375,5.879922866821289,229.10198974609376,0,-1,-0,-1,0,-0,0,0,-1],[0.7282880544662476,4.369728088378906,4.369728088378906],[0.10588235408067703,0.16470588743686677,0.2078431397676468],["Plastic",0,0,"","Smooth","Smooth","Smooth","Smooth","Smooth","Smooth"]],[["Normal"],[120.7215576171875,8.248735427856446,233.11749267578126,-0.000010371208190917969,-0.34203433990478518,-0.9396874904632568,-0.000001817941665649414,0.9396874308586121,-0.34203433990478518,1,-0.000001817941665649414,-0.000010371208190917969],[2.1780002117156984,1.6334999799728394,0.04537500441074371],[0.45490196347236636,0.5254902243614197,0.615686297416687],["Plastic",0,0,"","Smooth","Smooth","Smooth","Smooth","Smooth","Smooth"]],[["Normal"],[114.9732666015625,4.39305305480957,213.807861328125,1,0,0,0,1,0,0,0,1],[0.09075000882148743,0.18150001764297486,1.9965001344680787],[0.9960784316062927,0.9529411792755127,0.7333333492279053],["Plastic",0,0,"","Smooth","Smooth","Smooth","Smooth","Smooth","Smooth"]],[["Normal"],[78.483642578125,4.011394500732422,248.2607421875,0,0,1,0,1,0,-1,0,0],[2.709399938583374,0.9676001071929932,2.6700000762939455],[1,1,0],["Plastic",0,0,"","Smooth","Smooth","Smooth","Smooth","Smooth","Smooth"]],[["Normal"],[118.648681640625,4.256917953491211,212.85382080078126,0,0,1,0,1,0,-1,0,0],[0.36299988627433779,0.2722499966621399,5.445000648498535],[0.6235294342041016,0.6313725709915161,0.6745098233222961],["Plastic",0,0,"","Smooth","Smooth","Smooth","Smooth","Smooth","Smooth"]],[["Normal"],[76.31842041015625,20.63984489440918,226.93780517578126,0,0,1,0,1,0,-1,0,0],[1.0890002250671387,0.09075000882148743,0.09074996411800385],[0.8039215803146362,0.8039215803146362,0.8039215803146362],["Plastic",0,0,"","Smooth","Smooth","Smooth","Smooth","Smooth","Smooth"]],[["Normal"],[62.783935546875,3.728609085083008,237.841552734375,0,0,1,-1,0,0,0,-1,0],[0.7282880544662476,2.9131522178649904,1.4565761089324952],[0.9607843160629273,0.8039215803146362,0.1882352977991104],["Plastic",0,0,"","Smooth","Smooth","Smooth","Smooth","Smooth","Smooth"]],[["Normal"],[118.648681640625,6.298784255981445,213.2171630859375,0,0,1,0,1,0,-1,0,0],[1.4520001411437989,0.7260000705718994,5.808000564575195],[0.7921568751335144,0.7960784435272217,0.8196078538894653],["Plastic",0,0,"","Smooth","Smooth","Smooth","Smooth","Smooth","Smooth"]],[["Normal"],[120.75970458984375,2.124307632446289,258.79998779296877,0,0,1,0,1,0,-1,0,0],[0.9075000286102295,1.0889999866485596,23.003162384033204],[0.9725490212440491,0.9725490212440491,0.9725490212440491],["Plastic",0,0,"","Smooth","Smooth","Smooth","Smooth","Smooth","Smooth"]],[["Normal"],[85.302734375,20.63984489440918,256.88531494140627,0,0,1,0,1,0,-1,0,0],[1.0890002250671387,0.09075000882148743,0.09074998646974564],[0.8039215803146362,0.8039215803146362,0.8039215803146362],["Plastic",0,0,"","Smooth","Smooth","Smooth","Smooth","Smooth","Smooth"]],[["Normal"],[85.8017578125,20.63984489440918,216.95526123046876,0,0,1,0,1,0,-1,0,0],[0.9075000286102295,0.09075000882148743,0.9075000286102295],[0.9725490212440491,0.9725490212440491,0.9725490212440491],["Plastic",0,0,"","Smooth","Smooth","Smooth","Smooth","Smooth","Smooth"]],[["Normal"],[131.01318359375,10.609434127807618,215.1717529296875,0,0,1,0,1,0,-1,0,0],[0.09075000882148743,0.09075000882148743,0.9075000286102295],[0.8039215803146362,0.8039215803146362,0.8039215803146362],["Plastic",0,0,"","Smooth","Smooth","Smooth","Smooth","Smooth","Smooth"]],[["Seat"],[114.4293212890625,11.862695693969727,224.45123291015626,-0.2588644027709961,0,-0.965913712978363,0,1,0,0.965913712978363,0,-0.2588644027709961],[2.2785000801086427,1,2],[1,0,0],["Fabric",0,0,"","Smooth","Smooth","Smooth","Smooth","Smooth","Smooth"]],[["Normal"],[120.55450439453125,6.514474868774414,214.82037353515626,-1.0000004768371583,0.000033036187232937667,0.00007975025073392317,-0.000033036187232937667,0.7070680856704712,-0.7071455717086792,-0.00007975025073392317,-0.7071455717086792,-0.7070685625076294],[0.09075000882148743,0.18150001764297486,0.18150001764297486],[0.7921568751335144,0.7960784435272217,0.8196078538894653],["Plastic",0,0,"","Smooth","Smooth","Smooth","Smooth","Smooth","Smooth"]],[["Wedge"],[72.25,0.8796939849853516,207.29998779296876,0,0,1,1,0,0,0,1,0],[0.050000011920928958,4,7],[0.9490196108818054,0.952